{"accessors":[{"bufferView":0,"componentType":5126,"count":3432,"max":[187.30467224121094,4.6629367034256575e-15,6.500770568847656],"min":[0.0,-8.071062088012695,-6.5],"type":"VEC3"},{"bufferView":1,"componentType":5126,"count":3432,"type":"VEC3"},{"bufferView":2,"componentType":5126,"count":3432,"type":"VEC2"},{"bufferView":3,"componentType":5125,"count":3432,"type":"SCALAR"},{"bufferView":4,"componentType":5126,"count":3144,"max":[28.5,28.497516632080078,1.0],"min":[-28.5,-28.497516632080078,0.0],"type":"VEC3"},{"bufferView":5,"componentType":5126,"count":3144,"type":"VEC3"},{"bufferView":6,"componentType":5126,"count":3144,"type":"VEC2"},{"bufferView":7,"componentType":5125,"count":3144,"type":"SCALAR"},{"bufferView":8,"componentType":5126,"count":12588,"max":[16.193939208984375,5.5,40.0],"min":[-16.193939208984375,-1.566385269165039,-2.842170943040401e-14],"type":"VEC3"},{"bufferView":9,"componentType":5126,"count":12588,"type":"VEC3"},{"bufferView":10,"componentType":5126,"count":12588,"type":"VEC2"},{"bufferView":11,"componentType":5125,"count":12588,"type":"SCALAR"},{"bufferView":12,"componentType":5126,"count":473286,"max":[180.98220825195313,85.74938201904297,85.75],"min":[5.980000019073486,-85.74938201904297,-85.74752044677734],"type":"VEC3"},{"bufferView":13,"componentType":5126,"count":473286,"type":"VEC3"},{"bufferView":14,"componentType":5126,"count":473286,"type":"VEC2"},{"bufferView":15,"componentType":5125,"count":473286,"type":"SCALAR"},{"bufferView":16,"componentType":5126,"count":26502,"max":[79.09630584716797,44.40468978881836,-70.32247161865234],"min":[22.202037811279297,-44.24448776245117,-83.41129302978516],"type":"VEC3"},{"bufferView":17,"componentType":5126,"count":26502,"type":"VEC3"},{"bufferView":18,"componentType":5126,"count":26502,"type":"VEC2"},{"bufferView":19,"componentType":5125,"count":26502,"type":"SCALAR"},{"bufferView":20,"componentType":5126,"count":120474,"max":[84.49752044677734,89.04499053955078,84.5],"min":[-84.49752044677734,2.4971277401969297e-17,-84.5],"type":"VEC3"},{"bufferView":21,"componentType":5126,"count":120474,"type":"VEC3"},{"bufferView":22,"componentType":5126,"count":120474,"type":"VEC2"},{"bufferView":23,"componentType":5125,"count":120474,"type":"SCALAR"},{"bufferView":24,"componentType":5126,"count":166176,"max":[20.0,30.99941635131836,30.999948501586914],"min":[0.0,-30.9999942779541,-30.999948501586914],"type":"VEC3"},{"bufferView":25,"componentType":5126,"count":166176,"type":"VEC3"},{"bufferView":26,"componentType":5126,"count":166176,"type":"VEC2"},{"bufferView":27,"componentType":5125,"count":166176,"type":"SCALAR"},{"bufferView":28,"componentType":5126,"count":138246,"max":[82.4925308227539,79.45152282714844,82.49500274658203],"min":[-82.4925308227539,-84.69847869873047,-82.49500274658203],"type":"VEC3"},{"bufferView":29,"componentType":5126,"count":138246,"type":"VEC3"},{"bufferView":30,"componentType":5126,"count":138246,"type":"VEC2"},{"bufferView":31,"componentType":5125,"count":138246,"type":"SCALAR"},{"bufferView":32,"componentType":5126,"count":5952,"max":[10.0,7.099381446838379,7.099999904632568],"min":[0.0,-7.099381446838379,-7.0975260734558105],"type":"VEC3"},{"bufferView":33,"componentType":5126,"count":5952,"type":"VEC3"},{"bufferView":34,"componentType":5126,"count":5952,"type":"VEC2"},{"bufferView":35,"componentType":5125,"count":5952,"type":"SCALAR"},{"bufferView":36,"componentType":5126,"count":24546,"max":[55.0,14.999382019042969,15.0],"min":[-3.552713678800501e-15,-14.999382019042969,-14.997527122497559],"type":"VEC3"},{"bufferView":37,"componentType":5126,"count":24546,"type":"VEC3"},{"bufferView":38,"componentType":5126,"count":24546,"type":"VEC2"},{"bufferView":39,"componentType":5125,"count":24546,"type":"SCALAR"}],"asset":{"generator":"Keyshot Studio","version":"2.0"},"bufferViews":[{"buffer":0,"byteLength":41184,"byteOffset":0,"byteStride":12},{"buffer":0,"byteLength":41184,"byteOffset":41184,"byteStride":12},{"buffer":0,"byteLength":27456,"byteOffset":82368,"byteStride":8},{"buffer":0,"byteLength":13728,"byteOffset":109824},{"buffer":0,"byteLength":37728,"byteOffset":123552,"byteStride":12},{"buffer":0,"byteLength":37728,"byteOffset":161280,"byteStride":12},{"buffer":0,"byteLength":25152,"byteOffset":199008,"byteStride":8},{"buffer":0,"byteLength":12576,"byteOffset":224160},{"buffer":0,"byteLength":151056,"byteOffset":236736,"byteStride":12},{"buffer":0,"byteLength":151056,"byteOffset":387792,"byteStride":12},{"buffer":0,"byteLength":100704,"byteOffset":538848,"byteStride":8},{"buffer":0,"byteLength":50352,"byteOffset":639552},{"buffer":0,"byteLength":5679432,"byteOffset":689904,"byteStride":12},{"buffer":0,"byteLength":5679432,"byteOffset":6369336,"byteStride":12},{"buffer":0,"byteLength":3786288,"byteOffset":12048768,"byteStride":8},{"buffer":0,"byteLength":1893144,"byteOffset":15835056},{"buffer":0,"byteLength":318024,"byteOffset":17728200,"byteStride":12},{"buffer":0,"byteLength":318024,"byteOffset":18046224,"byteStride":12},{"buffer":0,"byteLength":212016,"byteOffset":18364248,"byteStride":8},{"buffer":0,"byteLength":106008,"byteOffset":18576264},{"buffer":0,"byteLength":1445688,"byteOffset":18682272,"byteStride":12},{"buffer":0,"byteLength":1445688,"byteOffset":20127960,"byteStride":12},{"buffer":0,"byteLength":963792,"byteOffset":21573648,"byteStride":8},{"buffer":0,"byteLength":481896,"byteOffset":22537440},{"buffer":0,"byteLength":1994112,"byteOffset":23019336,"byteStride":12},{"buffer":0,"byteLength":1994112,"byteOffset":25013448,"byteStride":12},{"buffer":0,"byteLength":1329408,"byteOffset":27007560,"byteStride":8},{"buffer":0,"byteLength":664704,"byteOffset":28336968},{"buffer":0,"byteLength":1658952,"byteOffset":29001672,"byteStride":12},{"buffer":0,"byteLength":1658952,"byteOffset":30660624,"byteStride":12},{"buffer":0,"byteLength":1105968,"byteOffset":32319576,"byteStride":8},{"buffer":0,"byteLength":552984,"byteOffset":33425544},{"buffer":0,"byteLength":71424,"byteOffset":33978528,"byteStride":12},{"buffer":0,"byteLength":71424,"byteOffset":34049952,"byteStride":12},{"buffer":0,"byteLength":47616,"byteOffset":34121376,"byteStride":8},{"buffer":0,"byteLength":23808,"byteOffset":34168992},{"buffer":0,"byteLength":294552,"byteOffset":34192800,"byteStride":12},{"buffer":0,"byteLength":294552,"byteOffset":34487352,"byteStride":12},{"buffer":0,"byteLength":196368,"byteOffset":34781904,"byteStride":8},{"buffer":0,"byteLength":98184,"byteOffset":34978272}],"buffers":[{"byteLength":35076456,"uri":"./Beehive_resources/Beehive.bin"}],"images":[{"uri":"./Beehive_resources/těla_kov_var_02_#1_3621_occlusion.jpeg"},{"uri":"./Beehive_resources/BEE-24-1072_color_178_178_178_0_occlusion.jpeg"},{"uri":"./Beehive_resources/těla_kov_var_02_#1_4_occlusion.jpeg"},{"uri":"./Beehive_resources/těla_kov_var_02_#1_85_occlusion.jpeg"},{"uri":"./Beehive_resources/BEE-23-0972_STV_šablonace_color_228_158_0_142_occlusion.jpeg"},{"uri":"./Beehive_resources/BEE-24-1030_Lem_color_69_73_52_790_occlusion.jpeg"},{"uri":"./Beehive_resources/těla_kov_var_02_#1_800_occlusion.jpeg"},{"uri":"./Beehive_resources/POL00015688_BEEHIVE_color_255_216_159_844_occlusion.jpeg"},{"uri":"./Beehive_resources/BEE-23-0970_color_178_178_178_855_occlusion.jpeg"},{"uri":"./Beehive_resources/MAT00020457_BEEHIVE_color_255_192_255_864_occlusion.jpeg"}],"materials":[{"doubleSided":true,"name":"těla_kov_var_02_#1_3621","occlusionTexture":{"index":0},"pbrMetallicRoughness":{"baseColorFactor":[0.07972319424152374,0.13016532361507416,0.04000000283122063,1.0],"metallicFactor":1.0,"roughnessFactor":0.3162277638912201}},{"doubleSided":true,"name":"BEE-24-1072_color_178_178_178_0","occlusionTexture":{"index":1},"pbrMetallicRoughness":{"baseColorFactor":[0.6980389952659607,0.6980389952659607,0.6980389952659607,1.0],"metallicFactor":0.0,"roughnessFactor":1.0}},{"doubleSided":true,"name":"těla_kov_var_02_#1_4","occlusionTexture":{"index":2},"pbrMetallicRoughness":{"baseColorFactor":[0.07972319424152374,0.13016532361507416,0.04000000283122063,1.0],"metallicFactor":1.0,"roughnessFactor":0.3162277638912201}},{"doubleSided":true,"name":"těla_kov_var_02_#1_85","occlusionTexture":{"index":3},"pbrMetallicRoughness":{"baseColorFactor":[0.07972319424152374,0.13016532361507416,0.04000000283122063,1.0],"metallicFactor":1.0,"roughnessFactor":0.3162277638912201}},{"doubleSided":true,"name":"BEE-23-0972_STV_šablonace_color_228_158_0_142","occlusionTexture":{"index":4},"pbrMetallicRoughness":{"baseColorFactor":[0.8941180109977722,0.6196079850196838,0.0,1.0],"metallicFactor":0.0,"roughnessFactor":1.0}},{"doubleSided":true,"name":"BEE-24-1030_Lem_color_69_73_52_790","occlusionTexture":{"index":5},"pbrMetallicRoughness":{"baseColorFactor":[0.2705880105495453,0.2862749993801117,0.20392200350761414,1.0],"metallicFactor":0.0,"roughnessFactor":1.0}},{"doubleSided":true,"name":"těla_kov_var_02_#1_800","occlusionTexture":{"index":6},"pbrMetallicRoughness":{"baseColorFactor":[0.07972319424152374,0.13016532361507416,0.04000000283122063,1.0],"metallicFactor":1.0,"roughnessFactor":0.3162277638912201}},{"doubleSided":true,"name":"POL00015688_BEEHIVE_color_255_216_159_844","occlusionTexture":{"index":7},"pbrMetallicRoughness":{"baseColorFactor":[1.0,0.8470590114593506,0.6235290169715881,1.0],"metallicFactor":0.0,"roughnessFactor":1.0}},{"doubleSided":true,"name":"BEE-23-0970_color_178_178_178_855","occlusionTexture":{"index":8},"pbrMetallicRoughness":{"baseColorFactor":[0.6980389952659607,0.6980389952659607,0.6980389952659607,1.0],"metallicFactor":0.0,"roughnessFactor":1.0}},{"doubleSided":true,"name":"MAT00020457_BEEHIVE_color_255_192_255_864","occlusionTexture":{"index":9},"pbrMetallicRoughness":{"baseColorFactor":[1.0,0.7529410123825073,1.0,1.0],"metallicFactor":0.0,"roughnessFactor":1.0}}],"meshes":[{"name":"BEE-24-0981 #1 #1 #1","primitives":[{"attributes":{"NORMAL":1,"POSITION":0,"TEXCOORD_0":2},"indices":3,"material":0,"mode":4}]},{"name":"BEE-24-0981 #1 #1 #1","primitives":[{"attributes":{"NORMAL":1,"POSITION":0,"TEXCOORD_0":2},"indices":3,"material":0,"mode":4}]},{"name":"BEE-24-0981 #1 #1 #1","primitives":[{"attributes":{"NORMAL":1,"POSITION":0,"TEXCOORD_0":2},"indices":3,"material":0,"mode":4}]},{"name":"BEE-24-1072","primitives":[{"attributes":{"NORMAL":5,"POSITION":4,"TEXCOORD_0":6},"indices":7,"material":1,"mode":4}]},{"name":"BEE-24-1032","primitives":[{"attributes":{"NORMAL":9,"POSITION":8,"TEXCOORD_0":10},"indices":11,"material":2,"mode":4}]},{"name":"BEE-23-0972_STV šablonace","primitives":[{"attributes":{"NORMAL":13,"POSITION":12,"TEXCOORD_0":14},"indices":15,"material":3,"mode":4}]},{"name":"BEE-23-0972_STV šablonace","primitives":[{"attributes":{"NORMAL":17,"POSITION":16,"TEXCOORD_0":18},"indices":19,"material":4,"mode":4}]},{"name":"BEE-24-1032","primitives":[{"attributes":{"NORMAL":9,"POSITION":8,"TEXCOORD_0":10},"indices":11,"material":2,"mode":4}]},{"name":"BEE-24-1032","primitives":[{"attributes":{"NORMAL":9,"POSITION":8,"TEXCOORD_0":10},"indices":11,"material":2,"mode":4}]},{"name":"BEE-24-1030_Lem","primitives":[{"attributes":{"NORMAL":21,"POSITION":20,"TEXCOORD_0":22},"indices":23,"material":5,"mode":4}]},{"name":"BEE-24-0980","primitives":[{"attributes":{"NORMAL":25,"POSITION":24,"TEXCOORD_0":26},"indices":27,"material":6,"mode":4}]},{"name":"POL00015688_BEEHIVE","primitives":[{"attributes":{"NORMAL":29,"POSITION":28,"TEXCOORD_0":30},"indices":31,"material":7,"mode":4}]},{"name":"BEE-23-0970","primitives":[{"attributes":{"NORMAL":33,"POSITION":32,"TEXCOORD_0":34},"indices":35,"material":8,"mode":4}]},{"name":"MAT00020457_BEEHIVE","primitives":[{"attributes":{"NORMAL":37,"POSITION":36,"TEXCOORD_0":38},"indices":39,"material":9,"mode":4}]}],"nodes":[{"name":"New Model Set 1"},{"matrix":[0.9937742030356191,0.09775919994108644,0.053441232959143006,0.0,0.11140847291264439,-0.8762054689620328,-0.468883903195647,0.0,0.0009877846397653746,0.47191854044055687,-0.8816416103600963,0.0,-129.2993064625295,-96.75942822933068,-55.04947305862106,0.9999999999999989],"mesh":0,"name":"BEE-24-0981 #1 #1 #1"},{"matrix":[0.9988275316135841,-0.04328980145675466,0.021669064422318765,0.0,0.04806402891938054,0.8333518148211746,-0.5506492424492839,0.0,0.005779541523254194,0.551045136452217,0.8344554320876134,0.0,-129.76963581925975,86.67904793977982,-50.099905050427424,1.0000000000000004],"mesh":1,"name":"BEE-24-0981 #1"},{"matrix":[0.9944513957630265,-0.030262605490654265,-0.10075013323204597,0.0,0.10463321808008778,0.18552357707769676,0.977053160464767,0.0,-0.010876650145671178,-0.9821737063632866,0.18766065826004677,0.0,-133.98225443355005,6.285477179188303,107.52869859870759,1.0000000000000004],"mesh":2,"name":"BEE-24-0981 #1 #1"},{"mesh":3,"name":"BEE-24-1072"},{"children":[4],"matrix":[1.3877799719215278e-16,-0.39846301078796387,0.9171839952468872,0.0,-2.7755598776686065e-17,0.9171839952468872,0.39846301078796387,0.0,-1.0,-8.075489696391842e-17,1.1622500381767818e-16,0.0,181.98199462890625,8.075489696391842e-17,-1.1622500381767818e-16,1.0],"name":"BEE-24-1072"},{"mesh":4,"name":"BEE-24-1032"},{"children":[6],"matrix":[-8.413410181976494e-17,-0.5,0.8660249710083008,0.0,0.0087557602673769,-0.86599200963974,-0.49998098611831665,0.0,0.9999619722366333,0.00758271012455225,0.00437788013368845,0.0,23.94059944152832,-72.22769927978516,-41.70069885253906,1.0],"name":"BEE-24-1032"},{"mesh":5,"name":"BEE-23-0972_STV šablonace"},{"mesh":6,"name":"BEE-23-0972_STV šablonace"},{"children":[8,9],"name":"BEE-23-0972_STV šablonace"},{"mesh":7,"name":"BEE-24-1032"},{"children":[11],"matrix":[-8.370040109843604e-17,-0.5,-0.8660249710083008,0.0,0.0087557602673769,0.86599200963974,-0.49998098611831665,0.0,0.9999619722366333,-0.00758271012455225,0.00437788013368845,0.0,23.94059944152832,72.22769927978516,-41.70069885253906,1.0],"name":"BEE-24-1032"},{"mesh":8,"name":"BEE-24-1032"},{"children":[13],"matrix":[-8.393980040259869e-17,1.0,5.563319676755635e-17,0.0,0.0087557602673769,-5.48960994324328e-17,0.9999619722366333,0.0,0.9999619722366333,8.442370106094221e-17,-0.0087557602673769,0.0,23.94059944152832,-8.540740272129643e-14,83.40129852294922,1.0],"name":"BEE-24-1032"},{"mesh":9,"name":"BEE-24-1030_Lem"},{"children":[15],"matrix":[2.7755598776686065e-17,-0.48140400648117065,0.8764989972114563,0.0,1.0,6.809900050463259e-17,5.735940028322386e-18,0.0,-6.244999881305075e-17,0.8764989972114563,0.48140400648117065,0.0,7.480000019073486,9.860760139768297e-32,4.9303800698841484e-32,1.0],"name":"BEE-24-1030_Lem"},{"children":[7,10,12,14,16],"name":"BEE-24-1031_STV ŠABLONACE"},{"children":[17],"name":"BEE-24-1034_STV ŠABLONACE"},{"mesh":10,"name":"BEE-24-0980"},{"children":[19],"name":"BEE-24-0980"},{"children":[20],"matrix":[1.0,0.0,0.0,0.0,0.0,-1.1102199806005023e-16,-1.0,0.0,0.0,1.0,-1.1102199806005023e-16,0.0,162.98199462890625,0.0,0.0,1.0],"name":"BEE-24-1029"},{"mesh":11,"name":"POL00015688_BEEHIVE"},{"children":[22],"name":"POL00015688_BEEHIVE"},{"children":[23],"matrix":[9.578749839002835e-18,-0.50941401720047,-0.8605210185050964,0.0,1.0,-6.249499743837364e-17,4.812739959391958e-17,0.0,-7.829510005020213e-17,-0.8605210185050964,0.50941401720047,0.0,96.52999877929688,9.408330370200627e-15,2.441270079698351e-15,1.0],"name":"BEE-24-1192"},{"mesh":12,"name":"BEE-23-0970"},{"children":[25],"name":"BEE-23-0970"},{"mesh":13,"name":"MAT00020457_BEEHIVE"},{"children":[27],"matrix":[1.0,2.710949958074947e-17,-5.550360072662644e-17,0.0,-5.5183399111507166e-17,-0.011673199944198132,-0.9999319911003113,0.0,-2.8401699626983884e-17,0.9999319911003113,-0.011673199944198132,0.0,0.0,0.0,0.0,1.0],"name":"MAT00020457_BEEHIVE"},{"children":[26,28],"matrix":[-1.0,6.580700214125636e-17,2.383239958361077e-16,0.0,1.1158800135727332e-16,-0.7400389909744263,0.6725640296936035,0.0,2.206279952603077e-16,0.6725640296936035,0.7400389909744263,0.0,175.98199462890625,7.729760096429096e-15,-2.8904300522871514e-15,1.0],"name":"BEE-23-0971"},{"children":[5,18,21,24,29],"name":"BEE-24-1035_STV ŠABLONACE"},{"children":[1,2,3,30],"matrix":[6.123233995736766e-17,1.0,0.0,0.0,-1.0,6.123233995736773e-17,0.0,0.0,0.0,0.0,1.0,0.0,2.1457671779385317e-06,134.89746224029759,-1.576786041259765,1.0],"name":"BEEHIVE"},{"children":[31],"name":"New Model Set"},{"name":"Default"},{"children":[0,32,33],"matrix":[0.001,0.0,0.0,0.0,0.0,0.001,0.0,0.0,0.0,0.0,0.001,0.0,0.0,0.0,0.0,1.0],"name":"lux_root"}],"samplers":[{"magFilter":9729,"minFilter":9987,"wrapS":10497,"wrapT":10497},{"magFilter":9729,"minFilter":9987,"wrapS":10497,"wrapT":10497},{"magFilter":9729,"minFilter":9987,"wrapS":10497,"wrapT":10497},{"magFilter":9729,"minFilter":9987,"wrapS":10497,"wrapT":10497},{"magFilter":9729,"minFilter":9987,"wrapS":10497,"wrapT":10497},{"magFilter":9729,"minFilter":9987,"wrapS":10497,"wrapT":10497},{"magFilter":9729,"minFilter":9987,"wrapS":10497,"wrapT":10497},{"magFilter":9729,"minFilter":9987,"wrapS":10497,"wrapT":10497},{"magFilter":9729,"minFilter":9987,"wrapS":10497,"wrapT":10497},{"magFilter":9729,"minFilter":9987,"wrapS":10497,"wrapT":10497}],"scenes":[{"nodes":[34]}],"textures":[{"sampler":0,"source":0},{"sampler":1,"source":1},{"sampler":2,"source":2},{"sampler":3,"source":3},{"sampler":4,"source":4},{"sampler":5,"source":5},{"sampler":6,"source":6},{"sampler":7,"source":7},{"sampler":8,"source":8},{"sampler":9,"source":9}]}